0 0.903857 0.194116 0.18418 0.17373 0.900781 0.190332 0.903125 0.188574 0.86875 0.237109 0.959375 0.197461
0 0.402594 0.418616 0.154102 0.14707 0.397656 0.417578 0.4 0.416406 0.370508 0.458984 0.449219 0.425
0 0.878326 0.370752 0.171973 0.163672 0.871875 0.363281 0.875 0.361523 0.840625 0.407031 0.93125 0.373633
0 0.279065 0.134546 0.167187 0.158984 0.271484 0.130371 0.274219 0.130273 0.261914 0.179688 0.325586 0.115137
0 0.565265 0.343884 0.178418 0.162109 0.561719 0.335938 0.564062 0.33418 0.534766 0.383789 0.621484 0.340234
0 0.231604 0.497046 0.166406 0.164062 0.224805 0.489844 0.227734 0.488672 0.207031 0.544531 0.283984 0.485547
0 0.73335 0.262402 0.172949 0.16582 0.720703 0.259766 0.721875 0.251172 0.692187 0.307227 0.780859 0.275781
0 0.841565 0.90885 0.166602 0.1625 0.839063 0.90625 0.841406 0.90625 0.803906 0.95 0.897656 0.924219
0 0.586572 0.169092 0.173926 0.177734 0.575781 0.167871 0.580859 0.165137 0.587109 0.156641 0.567969 0.160352
0 0.522205 0.887183 0.169629 0.155859 0.51875 0.877344 0.519531 0.879687 0.471875 0.928906 0.585547 0.900781
0 0.864746 0.547217 0.160938 0.160645 0.854687 0.542188 0.857812 0.539062 0.811719 0.598437 0.928906 0.564453
0 0.194385 0.860925 0.161426 0.164844 0.194141 0.855469 0.19668 0.855469 0.16416 0.905469 0.253125 0.865625
0 0.529218 0.709631 0.170801 0.154492 0.525 0.701953 0.527734 0.702344 0.488672 0.747266 0.587109 0.719531
0 0.761792 0.0875244 0.178711 0.164453 0.755469 0.0793945 0.758203 0.0777344 0.737891 0.135547 0.819531 0.0817383
0 0.426739 0.245264 0.154102 0.139746 0.420703 0.242578 0.423437 0.243164 0.380859 0.273633 0.469141 0.268164
0 0.851367 0.727539 0.159863 0.165234 0.838281 0.722656 0.841406 0.708594 0.816406 0.776563 0.902344 0.730078
0 0.384033 0.602319 0.1625 0.158203 0.374609 0.602344 0.370312 0.591016 0.342578 0.649609 0.434375 0.622266
0 0.71441 0.446777 0.161719 0.167578 0.705859 0.441016 0.708203 0.441016 0.678906 0.492188 0.770312 0.448437
0 0.545679 0.525684 0.164355 0.149121 0.538281 0.518359 0.537891 0.516016 0.516016 0.571875 0.602344 0.525
0 0.68916 0.807666 0.159863 0.167773 0.675391 0.803906 0.675781 0.791406 0.642969 0.854687 0.741016 0.826562
0 0.086084 0.38772 0.170996 0.178516 0.0688477 0.383203 0.0691895 0.377344 0.0519531 0.422266 0.117578 0.389844
0 0.694434 0.628564 0.156836 0.158984 0.680469 0.625391 0.680078 0.610547 0.653516 0.675 0.742188 0.635156
0 0.112573 0.215015 0.191309 0.185059 0.108887 0.204883 0.111523 0.204297 0.0776367 0.258398 0.171875 0.220312
0 0.0840332 0.568195 0.162207 0.166406 0.0715332 0.557813 0.0748047 0.556641 0.0323975 0.565234 0.0991211 0.592578
0 0.221875 0.676709 0.159375 0.160156 0.205664 0.674609 0.201758 0.657422 0.172852 0.721875 0.268359 0.688281
0 0.448389 0.0666992 0.179492 0.132324 0.435937 0.0458496 0.438281 0.0406006 0.416016 0.0999023 0.509375 0.0606934
0 0.366919 0.788257 0.171094 0.160449 0.352539 0.783984 0.352734 0.775781 0.325 0.838281 0.417969 0.807031
0 0.068457 0.743604 0.136523 0.188867 0.0361328 0.739844 0.036377 0.737109 0.0470215 0.7875 0.0846191 0.725391
0 0.345483 0.933838 0.185449 0.132715 0.335742 0.950781 0.335156 0.950781 0.322461 0.960938 0.360938 0.953906
0 0.128357 0.0557556 0.181152 0.11123 0.123535 0.0251953 0.124121 0.0232666 0.0999023 0.0710449 0.179688 0.0416504
0 0.958984 0.822583 0.0821289 0.170996 0.990625 0.824219 0.992969 0.823438 0.950781 0.859375 1 0.857812
0 0.682983 0.950922 0.163281 0.0968263 0.675391 0.98125 0.677734 0.98125 0.671094 0.985938 0.698047 0.973437
0 0.964856 0.470166 0.0661132 0.171973 0.990625 0.483594 0.986719 0.476953 0.96875 0.507812 0.994531 0.503516
0 0.0632934 0.917755 0.127734 0.153711 0.0293701 0.927344 0.0309082 0.927344 0.0275391 0.971875 0.0869141 0.926562
0 0.965869 0.639355 0.0705079 0.167383 0.990625 0.636719 0.99375 0.635156 0.973437 0.643359 0.988281 0.645312
0 0.277936 0.317377 0.143359 0.152051 0.274219 0.316602 0.277344 0.31543 0.272852 0.367773 0.329297 0.303516
0 0.177661 0.97334 0.166211 0.0549316 0.169629 0.994531 0.163965 0.998437 0.14707 0.973437 0.144141 0.996875
0 0.911621 0.0369385 0.174023 0.0728516 0.922656 0.00633545 0.921875 0.00906982 0.897656 0.0277832 0.942187 0.0402588
0 0.963525 0.956885 0.0770509 0.0858398 0.979687 0.978906 0.979687 0.965625 0.976562 0.958594 0.971875 0.958594
